未经量化的矩阵乘法中间结果 (K=24, N=32, M=16)
格式: int32 矩阵，每行对应输出的一行

行 0:   -19237    -6804   -13288     -695    -6533    -9179     2783   -15856      828    -7257    -3523   -10554     -875   -10062     6372    -3588
行 1:   -27429   -13972   -19432    -5815   -10629   -12251      735   -16880      828    -6233    -1475    -7482     3221    -4942    12516     3580
行 2:   -35621   -21140   -25576   -10935   -14725   -15323    -1313   -17904      828    -5209      573    -4410     7317      178    18660    10748
行 3:   -43813   -28308   -31720   -16055   -18821   -18395    -3361   -18928      828    -4185     2621    -1338    11413     5298    24804    17916
行 4:    13531    21868    11288    19785     9851     3109    10975   -11760      828   -11353   -11715   -22842   -17259   -30542   -18204   -32260
行 5:     5339    14700     5144    14665     5755       37     8927   -12784      828   -10329    -9667   -19770   -13163   -25422   -12060   -25092
行 6:    -2853     7532    -1000     9545     1659    -3035     6879   -13808      828    -9305    -7619   -16698    -9067   -20302    -5916   -17924
行 7:   -11045      364    -7144     4425    -2437    -6107     4831   -14832      828    -8281    -5571   -13626    -4971   -15182      228   -10756
行 8:   -19237    -6804   -13288     -695    -6533    -9179     2783   -15856      828    -7257    -3523   -10554     -875   -10062     6372    -3588
行 9:   -27429   -13972   -19432    -5815   -10629   -12251      735   -16880      828    -6233    -1475    -7482     3221    -4942    12516     3580
行 10:   -35621   -21140   -25576   -10935   -14725   -15323    -1313   -17904      828    -5209      573    -4410     7317      178    18660    10748
行 11:   -43813   -28308   -31720   -16055   -18821   -18395    -3361   -18928      828    -4185     2621    -1338    11413     5298    24804    17916
行 12:    13531    21868    11288    19785     9851     3109    10975   -11760      828   -11353   -11715   -22842   -17259   -30542   -18204   -32260
行 13:     5339    14700     5144    14665     5755       37     8927   -12784      828   -10329    -9667   -19770   -13163   -25422   -12060   -25092
行 14:    -2853     7532    -1000     9545     1659    -3035     6879   -13808      828    -9305    -7619   -16698    -9067   -20302    -5916   -17924
行 15:   -11045      364    -7144     4425    -2437    -6107     4831   -14832      828    -8281    -5571   -13626    -4971   -15182      228   -10756
行 16:   -19237    -6804   -13288     -695    -6533    -9179     2783   -15856      828    -7257    -3523   -10554     -875   -10062     6372    -3588
行 17:   -27429   -13972   -19432    -5815   -10629   -12251      735   -16880      828    -6233    -1475    -7482     3221    -4942    12516     3580
行 18:   -35621   -21140   -25576   -10935   -14725   -15323    -1313   -17904      828    -5209      573    -4410     7317      178    18660    10748
行 19:   -43813   -28308   -31720   -16055   -18821   -18395    -3361   -18928      828    -4185     2621    -1338    11413     5298    24804    17916
行 20:    13531    21868    11288    19785     9851     3109    10975   -11760      828   -11353   -11715   -22842   -17259   -30542   -18204   -32260
行 21:     5339    14700     5144    14665     5755       37     8927   -12784      828   -10329    -9667   -19770   -13163   -25422   -12060   -25092
行 22:    -2853     7532    -1000     9545     1659    -3035     6879   -13808      828    -9305    -7619   -16698    -9067   -20302    -5916   -17924
行 23:   -11045      364    -7144     4425    -2437    -6107     4831   -14832      828    -8281    -5571   -13626    -4971   -15182      228   -10756

量化模式: per-tensor
量化参数: dst_mult=1593567853, dst_shift=-9
